0 0 0
0 0.05 0
30 0 0
0 0.69282 0.4
60 0 0
0 0.4 0.69282
90 0 0
0 -8.74228e-09 0.2
0 0 0
0 0.05 0
0 0 0
0 0.8 0
30 0 0
0 0.69282 0.4
60 0 0
0 0.1 0.173205
0 0 0
0 0.05 0
-30 0 0
0 0.69282 -0.4
0 0 0
0 0.8 0
30 0 0
0 0.173205 0.1
0 0 0
0 0.05 0
-60 0 0
0 0.4 -0.69282
-30 0 0
0 0.69282 -0.4
0 0 0
0 0.2 0
0 0 0
0 0.05 0
-90 0 0
0 -3.49691e-08 -0.8
-60 0 0
0 0.4 -0.69282
-30 0 0
0 0.173205 -0.1
0 0 0
0 0.05 0
-90 0 0
0 -3.49691e-08 -0.8
-90 0 0
0 -3.49691e-08 -0.8
-60 0 0
0 0.1 -0.173205
0 0 0
0 0.05 0
-60 0 0
0 0.4 -0.69282
-90 0 0
0 -3.49691e-08 -0.8
-90 0 0
0 -8.74228e-09 -0.2
0 0 0
0 0.05 0
-30 0 0
0 0.69282 -0.4
-60 0 0
0 0.4 -0.69282
-90 0 0
0 -8.74228e-09 -0.2
0 0 0
0 0.05 0
0 0 0
0 0.8 0
-30 0 0
0 0.69282 -0.4
-60 0 0
0 0.1 -0.173205
0 0 0
0 0.05 0
30 0 0
0 0.69282 0.4
0 0 0
0 0.8 0
-30 0 0
0 0.173205 -0.1
0 0 0
0 0.05 0
30 0 0
0 0.69282 0.4
30 0 0
0 0.69282 0.4
0 0 0
0 0.2 0
0 0 0
0 0.05 0
30 0 0
0 0.69282 0.4
60 0 0
0 0.4 0.69282
30 0 0
0 0.173205 0.1
12
0.55 0.9 0.4
